preOutputs:            (Key = [3,6,1,7])
[ [1,2,4,5], [0,1] ],
[ [6,5,7,0], [0,2] ],
[ [1,2,5,6], [0,2] ],
[ [7,0,3,1], [0,2] ],
[ [5,3,1,6], [1,1] ],
[ [3,7,5,1], [1,2] ],
[ [1,3,6,7], [1,3] ],
[ [3,6,0,7], [3,1] ]



  x      y      x      y      x      y      x      y      x      y
[581], [385], [619], [385], [655], [385], [693], [385], [581], [348]...

  x      y      x      y      x      y      x      y  new line  x      y
[132], [387], [169], [387], [206], [387], [244], [387], [-1], [132], [348]...
